50000 27.6190987305 0.0144827318192
100000 55.520897589 0.0144089889526
150000 103.646448068 0.0115778207779
200000 81.8616615747 0.0195451688766
250000 113.234137807 0.0176625180244
300000 102.457490592 0.0234243488312
350000 105.363967941 0.026574549675
400000 78.3490269484 0.0408428812027
50000 58.1545719401 0.006878221035
100000 73.72714321 0.0108508205414
150000 72.4283496547 0.0165680980682
200000 81.1736129885 0.0197108387947
250000 82.453994291 0.0242559504509
300000 86.2639974093 0.0278215718269
350000 80.0540471527 0.0349763703346
400000 570.798489242 0.00560618162155
50000 58.8599689653 0.00679579019547
100000 50.9984915256 0.0156867384911
150000 71.1500743849 0.0168657588959
200000 72.3736332923 0.0221074986458
250000 62.5400483018 0.0319795084
300000 68.2538311175 0.0351628613472
350000 529.818453157 0.00528482913971
400000 57.2055384355 0.0559386396408
50000 53.7665624807 0.00743956804276
100000 91.4801191293 0.00874506950378
150000 58.8978999192 0.0203742408752
200000 152.650488155 0.0104814600945
250000 570.807373959 0.00350380897522
300000 574.883102554 0.00417476177216
350000 582.465658036 0.00480715036392
400000 427.909288837 0.0074782204628
